2023/06/02-22:39:31.741326 16c41b000 RocksDB version: 6.25.3
2023/06/02-22:39:31.741372 16c41b000 Git sha 0
2023/06/02-22:39:31.741373 16c41b000 Compile date 2023-06-02 14:39:38
2023/06/02-22:39:31.741374 16c41b000 DB SUMMARY
2023/06/02-22:39:31.741374 16c41b000 DB Session ID:  H41EKBQMILJ05OFHK5SG
2023/06/02-22:39:31.741413 16c41b000 CURRENT file:  CURRENT
2023/06/02-22:39:31.741414 16c41b000 IDENTITY file:  IDENTITY
2023/06/02-22:39:31.741418 16c41b000 MANIFEST file:  MANIFEST-000050 size: 582 Bytes
2023/06/02-22:39:31.741419 16c41b000 SST files in /Users/panasun/Projects/panasun/elixir-playground/todolist/Mnesia.nonode@nohost/mnesia_rocksdb-rocksdb_copies-_db.extrdb dir, Total Num: 4, files: 000013.sst 000019.sst 000025.sst 000054.sst 
2023/06/02-22:39:31.741420 16c41b000 Write Ahead Log file in /Users/panasun/Projects/panasun/elixir-playground/todolist/Mnesia.nonode@nohost/mnesia_rocksdb-rocksdb_copies-_db.extrdb: 000051.log size: 0 ; 
2023/06/02-22:39:31.741421 16c41b000                         Options.error_if_exists: 0
2023/06/02-22:39:31.741422 16c41b000                       Options.create_if_missing: 1
2023/06/02-22:39:31.741422 16c41b000                         Options.paranoid_checks: 1
2023/06/02-22:39:31.741423 16c41b000             Options.flush_verify_memtable_count: 1
2023/06/02-22:39:31.741423 16c41b000                               Options.track_and_verify_wals_in_manifest: 0
2023/06/02-22:39:31.741424 16c41b000                                     Options.env: 0x10bb0d5a0
2023/06/02-22:39:31.741424 16c41b000                                      Options.fs: Posix File System
2023/06/02-22:39:31.741425 16c41b000                                Options.info_log: 0x13b724bd0
2023/06/02-22:39:31.741425 16c41b000                Options.max_file_opening_threads: 16
2023/06/02-22:39:31.741426 16c41b000                              Options.statistics: 0x0
2023/06/02-22:39:31.741427 16c41b000                               Options.use_fsync: 0
2023/06/02-22:39:31.741427 16c41b000                       Options.max_log_file_size: 0
2023/06/02-22:39:31.741428 16c41b000                  Options.max_manifest_file_size: 1073741824
2023/06/02-22:39:31.741428 16c41b000                   Options.log_file_time_to_roll: 0
2023/06/02-22:39:31.741429 16c41b000                       Options.keep_log_file_num: 1000
2023/06/02-22:39:31.741429 16c41b000                    Options.recycle_log_file_num: 0
2023/06/02-22:39:31.741430 16c41b000                         Options.allow_fallocate: 1
2023/06/02-22:39:31.741430 16c41b000                        Options.allow_mmap_reads: 0
2023/06/02-22:39:31.741431 16c41b000                       Options.allow_mmap_writes: 0
2023/06/02-22:39:31.741431 16c41b000                        Options.use_direct_reads: 0
2023/06/02-22:39:31.741431 16c41b000                        Options.use_direct_io_for_flush_and_compaction: 0
2023/06/02-22:39:31.741432 16c41b000          Options.create_missing_column_families: 0
2023/06/02-22:39:31.741432 16c41b000                              Options.db_log_dir: 
2023/06/02-22:39:31.741433 16c41b000                                 Options.wal_dir: 
2023/06/02-22:39:31.741433 16c41b000                Options.table_cache_numshardbits: 6
2023/06/02-22:39:31.741434 16c41b000                         Options.WAL_ttl_seconds: 0
2023/06/02-22:39:31.741434 16c41b000                       Options.WAL_size_limit_MB: 0
2023/06/02-22:39:31.741435 16c41b000                        Options.max_write_batch_group_size_bytes: 1048576
2023/06/02-22:39:31.741435 16c41b000             Options.manifest_preallocation_size: 4194304
2023/06/02-22:39:31.741436 16c41b000                     Options.is_fd_close_on_exec: 1
2023/06/02-22:39:31.741437 16c41b000                   Options.advise_random_on_open: 1
2023/06/02-22:39:31.741437 16c41b000                   Options.experimental_mempurge_threshold: 0.000000
2023/06/02-22:39:31.741438 16c41b000                    Options.db_write_buffer_size: 0
2023/06/02-22:39:31.741439 16c41b000                    Options.write_buffer_manager: 0x13b724ac0
2023/06/02-22:39:31.741439 16c41b000         Options.access_hint_on_compaction_start: 1
2023/06/02-22:39:31.741451 16c41b000  Options.new_table_reader_for_compaction_inputs: 0
2023/06/02-22:39:31.741451 16c41b000           Options.random_access_max_buffer_size: 1048576
2023/06/02-22:39:31.741452 16c41b000                      Options.use_adaptive_mutex: 0
2023/06/02-22:39:31.741452 16c41b000                            Options.rate_limiter: 0x0
2023/06/02-22:39:31.741453 16c41b000     Options.sst_file_manager.rate_bytes_per_sec: 0
2023/06/02-22:39:31.741454 16c41b000                       Options.wal_recovery_mode: 2
2023/06/02-22:39:31.741454 16c41b000                  Options.enable_thread_tracking: 0
2023/06/02-22:39:31.741455 16c41b000                  Options.enable_pipelined_write: 0
2023/06/02-22:39:31.741455 16c41b000                  Options.unordered_write: 0
2023/06/02-22:39:31.741456 16c41b000         Options.allow_concurrent_memtable_write: 1
2023/06/02-22:39:31.741456 16c41b000      Options.enable_write_thread_adaptive_yield: 1
2023/06/02-22:39:31.741456 16c41b000             Options.write_thread_max_yield_usec: 100
2023/06/02-22:39:31.741457 16c41b000            Options.write_thread_slow_yield_usec: 3
2023/06/02-22:39:31.741457 16c41b000                               Options.row_cache: None
2023/06/02-22:39:31.741458 16c41b000                              Options.wal_filter: None
2023/06/02-22:39:31.741458 16c41b000             Options.avoid_flush_during_recovery: 0
2023/06/02-22:39:31.741459 16c41b000             Options.allow_ingest_behind: 0
2023/06/02-22:39:31.741459 16c41b000             Options.preserve_deletes: 0
2023/06/02-22:39:31.741460 16c41b000             Options.two_write_queues: 0
2023/06/02-22:39:31.741460 16c41b000             Options.manual_wal_flush: 0
2023/06/02-22:39:31.741461 16c41b000             Options.atomic_flush: 0
2023/06/02-22:39:31.741461 16c41b000             Options.avoid_unnecessary_blocking_io: 0
2023/06/02-22:39:31.741462 16c41b000                 Options.persist_stats_to_disk: 0
2023/06/02-22:39:31.741462 16c41b000                 Options.write_dbid_to_manifest: 0
2023/06/02-22:39:31.741463 16c41b000                 Options.log_readahead_size: 0
2023/06/02-22:39:31.741463 16c41b000                 Options.file_checksum_gen_factory: Unknown
2023/06/02-22:39:31.741464 16c41b000                 Options.best_efforts_recovery: 0
2023/06/02-22:39:31.741464 16c41b000                Options.max_bgerror_resume_count: 2147483647
2023/06/02-22:39:31.741465 16c41b000            Options.bgerror_resume_retry_interval: 1000000
2023/06/02-22:39:31.741466 16c41b000             Options.allow_data_in_errors: 0
2023/06/02-22:39:31.741466 16c41b000             Options.db_host_id: __hostname__
2023/06/02-22:39:31.741467 16c41b000             Options.max_background_jobs: 2
2023/06/02-22:39:31.741467 16c41b000             Options.max_background_compactions: -1
2023/06/02-22:39:31.741468 16c41b000             Options.max_subcompactions: 1
2023/06/02-22:39:31.741468 16c41b000             Options.avoid_flush_during_shutdown: 0
2023/06/02-22:39:31.741469 16c41b000           Options.writable_file_max_buffer_size: 1048576
2023/06/02-22:39:31.741469 16c41b000             Options.delayed_write_rate : 16777216
2023/06/02-22:39:31.741470 16c41b000             Options.max_total_wal_size: 0
2023/06/02-22:39:31.741470 16c41b000             Options.delete_obsolete_files_period_micros: 21600000000
2023/06/02-22:39:31.741471 16c41b000                   Options.stats_dump_period_sec: 600
2023/06/02-22:39:31.741471 16c41b000                 Options.stats_persist_period_sec: 600
2023/06/02-22:39:31.741472 16c41b000                 Options.stats_history_buffer_size: 1048576
2023/06/02-22:39:31.741473 16c41b000                          Options.max_open_files: 30
2023/06/02-22:39:31.741473 16c41b000                          Options.bytes_per_sync: 0
2023/06/02-22:39:31.741474 16c41b000                      Options.wal_bytes_per_sync: 0
2023/06/02-22:39:31.741474 16c41b000                   Options.strict_bytes_per_sync: 0
2023/06/02-22:39:31.741474 16c41b000       Options.compaction_readahead_size: 0
2023/06/02-22:39:31.741482 16c41b000                  Options.max_background_flushes: -1
2023/06/02-22:39:31.741482 16c41b000 Compression algorithms supported:
2023/06/02-22:39:31.741483 16c41b000 	kZSTD supported: 0
2023/06/02-22:39:31.741484 16c41b000 	kZlibCompression supported: 0
2023/06/02-22:39:31.741484 16c41b000 	kXpressCompression supported: 0
2023/06/02-22:39:31.741485 16c41b000 	kSnappyCompression supported: 0
2023/06/02-22:39:31.741485 16c41b000 	kZSTDNotFinalCompression supported: 0
2023/06/02-22:39:31.741486 16c41b000 	kLZ4HCCompression supported: 0
2023/06/02-22:39:31.741486 16c41b000 	kLZ4Compression supported: 0
2023/06/02-22:39:31.741487 16c41b000 	kBZip2Compression supported: 0
2023/06/02-22:39:31.741490 16c41b000 Fast CRC32 supported: Supported on Arm64
2023/06/02-22:39:31.741586 16c41b000 [db/version_set.cc:4737] Recovering from manifest file: /Users/panasun/Projects/panasun/elixir-playground/todolist/Mnesia.nonode@nohost/mnesia_rocksdb-rocksdb_copies-_db.extrdb/MANIFEST-000050
2023/06/02-22:39:31.741752 16c41b000 [db/column_family.cc:604] --------------- Options for column family [default]:
2023/06/02-22:39:31.741753 16c41b000               Options.comparator: leveldb.BytewiseComparator
2023/06/02-22:39:31.741754 16c41b000           Options.merge_operator: None
2023/06/02-22:39:31.741754 16c41b000        Options.compaction_filter: None
2023/06/02-22:39:31.741755 16c41b000        Options.compaction_filter_factory: None
2023/06/02-22:39:31.741755 16c41b000  Options.sst_partitioner_factory: None
2023/06/02-22:39:31.741756 16c41b000         Options.memtable_factory: SkipListFactory
2023/06/02-22:39:31.741756 16c41b000            Options.table_factory: BlockBasedTable
2023/06/02-22:39:31.741764 16c41b000            table_factory options:   flush_block_policy_factory: FlushBlockBySizePolicyFactory (0x13b722520)
  cache_index_and_filter_blocks: 0
  cache_index_and_filter_blocks_with_high_priority: 1
  pin_l0_filter_and_index_blocks_in_cache: 0
  pin_top_level_index_and_filter: 1
  index_type: 0
  data_block_index_type: 0
  index_shortening: 1
  data_block_hash_table_util_ratio: 0.750000
  hash_index_allow_collision: 1
  checksum: 1
  no_block_cache: 0
  block_cache: 0x13b722578
  block_cache_name: LRUCache
  block_cache_options:
    capacity : 8388608
    num_shard_bits : 4
    strict_capacity_limit : 0
    memory_allocator : None
    high_pri_pool_ratio: 0.000
  block_cache_compressed: 0x0
  persistent_cache: 0x0
  block_size: 4096
  block_size_deviation: 10
  block_restart_interval: 16
  index_block_restart_interval: 1
  metadata_block_size: 4096
  partition_filters: 0
  use_delta_encoding: 1
  filter_policy: nullptr
  whole_key_filtering: 1
  verify_compression: 0
  read_amp_bytes_per_bit: 0
  format_version: 5
  enable_index_compression: 1
  block_align: 0
  max_auto_readahead_size: 262144
  prepopulate_block_cache: 0
2023/06/02-22:39:31.741765 16c41b000        Options.write_buffer_size: 67108864
2023/06/02-22:39:31.741765 16c41b000  Options.max_write_buffer_number: 2
2023/06/02-22:39:31.741766 16c41b000          Options.compression: NoCompression
2023/06/02-22:39:31.741766 16c41b000                  Options.bottommost_compression: Disabled
2023/06/02-22:39:31.741767 16c41b000       Options.prefix_extractor: nullptr
2023/06/02-22:39:31.741767 16c41b000   Options.memtable_insert_with_hint_prefix_extractor: nullptr
2023/06/02-22:39:31.741768 16c41b000             Options.num_levels: 7
2023/06/02-22:39:31.741768 16c41b000        Options.min_write_buffer_number_to_merge: 1
2023/06/02-22:39:31.741769 16c41b000     Options.max_write_buffer_number_to_maintain: 0
2023/06/02-22:39:31.741769 16c41b000     Options.max_write_buffer_size_to_maintain: 134217728
2023/06/02-22:39:31.741770 16c41b000            Options.bottommost_compression_opts.window_bits: -14
2023/06/02-22:39:31.741770 16c41b000                  Options.bottommost_compression_opts.level: 32767
2023/06/02-22:39:31.741771 16c41b000               Options.bottommost_compression_opts.strategy: 0
2023/06/02-22:39:31.741771 16c41b000         Options.bottommost_compression_opts.max_dict_bytes: 0
2023/06/02-22:39:31.741780 16c41b000         Options.bottommost_compression_opts.zstd_max_train_bytes: 0
2023/06/02-22:39:31.741780 16c41b000         Options.bottommost_compression_opts.parallel_threads: 1
2023/06/02-22:39:31.741781 16c41b000                  Options.bottommost_compression_opts.enabled: false
2023/06/02-22:39:31.741781 16c41b000         Options.bottommost_compression_opts.max_dict_buffer_bytes: 0
2023/06/02-22:39:31.741782 16c41b000            Options.compression_opts.window_bits: -14
2023/06/02-22:39:31.741782 16c41b000                  Options.compression_opts.level: 32767
2023/06/02-22:39:31.741783 16c41b000               Options.compression_opts.strategy: 0
2023/06/02-22:39:31.741783 16c41b000         Options.compression_opts.max_dict_bytes: 0
2023/06/02-22:39:31.741784 16c41b000         Options.compression_opts.zstd_max_train_bytes: 0
2023/06/02-22:39:31.741784 16c41b000         Options.compression_opts.parallel_threads: 1
2023/06/02-22:39:31.741785 16c41b000                  Options.compression_opts.enabled: false
2023/06/02-22:39:31.741785 16c41b000         Options.compression_opts.max_dict_buffer_bytes: 0
2023/06/02-22:39:31.741786 16c41b000      Options.level0_file_num_compaction_trigger: 4
2023/06/02-22:39:31.741786 16c41b000          Options.level0_slowdown_writes_trigger: 20
2023/06/02-22:39:31.741787 16c41b000              Options.level0_stop_writes_trigger: 36
2023/06/02-22:39:31.741787 16c41b000                   Options.target_file_size_base: 67108864
2023/06/02-22:39:31.741788 16c41b000             Options.target_file_size_multiplier: 1
2023/06/02-22:39:31.741788 16c41b000                Options.max_bytes_for_level_base: 268435456
2023/06/02-22:39:31.741789 16c41b000 Options.level_compaction_dynamic_level_bytes: 0
2023/06/02-22:39:31.741789 16c41b000          Options.max_bytes_for_level_multiplier: 10.000000
2023/06/02-22:39:31.741790 16c41b000 Options.max_bytes_for_level_multiplier_addtl[0]: 1
2023/06/02-22:39:31.741790 16c41b000 Options.max_bytes_for_level_multiplier_addtl[1]: 1
2023/06/02-22:39:31.741791 16c41b000 Options.max_bytes_for_level_multiplier_addtl[2]: 1
2023/06/02-22:39:31.741791 16c41b000 Options.max_bytes_for_level_multiplier_addtl[3]: 1
2023/06/02-22:39:31.741792 16c41b000 Options.max_bytes_for_level_multiplier_addtl[4]: 1
2023/06/02-22:39:31.741792 16c41b000 Options.max_bytes_for_level_multiplier_addtl[5]: 1
2023/06/02-22:39:31.741793 16c41b000 Options.max_bytes_for_level_multiplier_addtl[6]: 1
2023/06/02-22:39:31.741793 16c41b000       Options.max_sequential_skip_in_iterations: 8
2023/06/02-22:39:31.741794 16c41b000                    Options.max_compaction_bytes: 1677721600
2023/06/02-22:39:31.741794 16c41b000                        Options.arena_block_size: 1048576
2023/06/02-22:39:31.741795 16c41b000   Options.soft_pending_compaction_bytes_limit: 68719476736
2023/06/02-22:39:31.741795 16c41b000   Options.hard_pending_compaction_bytes_limit: 274877906944
2023/06/02-22:39:31.741796 16c41b000       Options.rate_limit_delay_max_milliseconds: 100
2023/06/02-22:39:31.741796 16c41b000                Options.disable_auto_compactions: 0
2023/06/02-22:39:31.741797 16c41b000                        Options.compaction_style: kCompactionStyleLevel
2023/06/02-22:39:31.741798 16c41b000                          Options.compaction_pri: kMinOverlappingRatio
2023/06/02-22:39:31.741798 16c41b000 Options.compaction_options_universal.size_ratio: 1
2023/06/02-22:39:31.741799 16c41b000 Options.compaction_options_universal.min_merge_width: 2
2023/06/02-22:39:31.741799 16c41b000 Options.compaction_options_universal.max_merge_width: 4294967295
2023/06/02-22:39:31.741800 16c41b000 Options.compaction_options_universal.max_size_amplification_percent: 200
2023/06/02-22:39:31.741800 16c41b000 Options.compaction_options_universal.compression_size_percent: -1
2023/06/02-22:39:31.741801 16c41b000 Options.compaction_options_universal.stop_style: kCompactionStopStyleTotalSize
2023/06/02-22:39:31.741801 16c41b000 Options.compaction_options_fifo.max_table_files_size: 1073741824
2023/06/02-22:39:31.741809 16c41b000 Options.compaction_options_fifo.allow_compaction: 0
2023/06/02-22:39:31.741810 16c41b000                   Options.table_properties_collectors: 
2023/06/02-22:39:31.741810 16c41b000                   Options.inplace_update_support: 0
2023/06/02-22:39:31.741811 16c41b000                 Options.inplace_update_num_locks: 10000
2023/06/02-22:39:31.741811 16c41b000               Options.memtable_prefix_bloom_size_ratio: 0.000000
2023/06/02-22:39:31.741812 16c41b000               Options.memtable_whole_key_filtering: 0
2023/06/02-22:39:31.741812 16c41b000   Options.memtable_huge_page_size: 0
2023/06/02-22:39:31.741813 16c41b000                           Options.bloom_locality: 0
2023/06/02-22:39:31.741813 16c41b000                    Options.max_successive_merges: 0
2023/06/02-22:39:31.741814 16c41b000                Options.optimize_filters_for_hits: 0
2023/06/02-22:39:31.741814 16c41b000                Options.paranoid_file_checks: 0
2023/06/02-22:39:31.741815 16c41b000                Options.force_consistency_checks: 1
2023/06/02-22:39:31.741815 16c41b000                Options.report_bg_io_stats: 0
2023/06/02-22:39:31.741816 16c41b000                               Options.ttl: 2592000
2023/06/02-22:39:31.741816 16c41b000          Options.periodic_compaction_seconds: 0
2023/06/02-22:39:31.741817 16c41b000                    Options.enable_blob_files: false
2023/06/02-22:39:31.741817 16c41b000                        Options.min_blob_size: 0
2023/06/02-22:39:31.741818 16c41b000                       Options.blob_file_size: 268435456
2023/06/02-22:39:31.741818 16c41b000                Options.blob_compression_type: NoCompression
2023/06/02-22:39:31.741819 16c41b000       Options.enable_blob_garbage_collection: false
2023/06/02-22:39:31.741819 16c41b000   Options.blob_garbage_collection_age_cutoff: 0.250000
2023/06/02-22:39:31.741984 16c41b000 [db/column_family.cc:604] --------------- Options for column family [{a,rocksdb_copies}]:
2023/06/02-22:39:31.741985 16c41b000               Options.comparator: leveldb.BytewiseComparator
2023/06/02-22:39:31.741985 16c41b000           Options.merge_operator: None
2023/06/02-22:39:31.741986 16c41b000        Options.compaction_filter: None
2023/06/02-22:39:31.741986 16c41b000        Options.compaction_filter_factory: None
2023/06/02-22:39:31.741987 16c41b000  Options.sst_partitioner_factory: None
2023/06/02-22:39:31.741987 16c41b000         Options.memtable_factory: SkipListFactory
2023/06/02-22:39:31.741988 16c41b000            Options.table_factory: BlockBasedTable
2023/06/02-22:39:31.741993 16c41b000            table_factory options:   flush_block_policy_factory: FlushBlockBySizePolicyFactory (0x13b723640)
  cache_index_and_filter_blocks: 0
  cache_index_and_filter_blocks_with_high_priority: 1
  pin_l0_filter_and_index_blocks_in_cache: 0
  pin_top_level_index_and_filter: 1
  index_type: 0
  data_block_index_type: 0
  index_shortening: 1
  data_block_hash_table_util_ratio: 0.750000
  hash_index_allow_collision: 1
  checksum: 1
  no_block_cache: 0
  block_cache: 0x13b723698
  block_cache_name: LRUCache
  block_cache_options:
    capacity : 8388608
    num_shard_bits : 4
    strict_capacity_limit : 0
    memory_allocator : None
    high_pri_pool_ratio: 0.000
  block_cache_compressed: 0x0
  persistent_cache: 0x0
  block_size: 4096
  block_size_deviation: 10
  block_restart_interval: 16
  index_block_restart_interval: 1
  metadata_block_size: 4096
  partition_filters: 0
  use_delta_encoding: 1
  filter_policy: nullptr
  whole_key_filtering: 1
  verify_compression: 0
  read_amp_bytes_per_bit: 0
  format_version: 5
  enable_index_compression: 1
  block_align: 0
  max_auto_readahead_size: 262144
  prepopulate_block_cache: 0
2023/06/02-22:39:31.741994 16c41b000        Options.write_buffer_size: 67108864
2023/06/02-22:39:31.741994 16c41b000  Options.max_write_buffer_number: 2
2023/06/02-22:39:31.741995 16c41b000          Options.compression: NoCompression
2023/06/02-22:39:31.741996 16c41b000                  Options.bottommost_compression: Disabled
2023/06/02-22:39:31.742003 16c41b000       Options.prefix_extractor: nullptr
2023/06/02-22:39:31.742004 16c41b000   Options.memtable_insert_with_hint_prefix_extractor: nullptr
2023/06/02-22:39:31.742004 16c41b000             Options.num_levels: 7
2023/06/02-22:39:31.742005 16c41b000        Options.min_write_buffer_number_to_merge: 1
2023/06/02-22:39:31.742005 16c41b000     Options.max_write_buffer_number_to_maintain: 0
2023/06/02-22:39:31.742006 16c41b000     Options.max_write_buffer_size_to_maintain: 134217728
2023/06/02-22:39:31.742006 16c41b000            Options.bottommost_compression_opts.window_bits: -14
2023/06/02-22:39:31.742007 16c41b000                  Options.bottommost_compression_opts.level: 32767
2023/06/02-22:39:31.742007 16c41b000               Options.bottommost_compression_opts.strategy: 0
2023/06/02-22:39:31.742008 16c41b000         Options.bottommost_compression_opts.max_dict_bytes: 0
2023/06/02-22:39:31.742008 16c41b000         Options.bottommost_compression_opts.zstd_max_train_bytes: 0
2023/06/02-22:39:31.742009 16c41b000         Options.bottommost_compression_opts.parallel_threads: 1
2023/06/02-22:39:31.742009 16c41b000                  Options.bottommost_compression_opts.enabled: false
2023/06/02-22:39:31.742010 16c41b000         Options.bottommost_compression_opts.max_dict_buffer_bytes: 0
2023/06/02-22:39:31.742010 16c41b000            Options.compression_opts.window_bits: -14
2023/06/02-22:39:31.742011 16c41b000                  Options.compression_opts.level: 32767
2023/06/02-22:39:31.742011 16c41b000               Options.compression_opts.strategy: 0
2023/06/02-22:39:31.742012 16c41b000         Options.compression_opts.max_dict_bytes: 0
2023/06/02-22:39:31.742012 16c41b000         Options.compression_opts.zstd_max_train_bytes: 0
2023/06/02-22:39:31.742012 16c41b000         Options.compression_opts.parallel_threads: 1
2023/06/02-22:39:31.742013 16c41b000                  Options.compression_opts.enabled: false
2023/06/02-22:39:31.742013 16c41b000         Options.compression_opts.max_dict_buffer_bytes: 0
2023/06/02-22:39:31.742014 16c41b000      Options.level0_file_num_compaction_trigger: 4
2023/06/02-22:39:31.742014 16c41b000          Options.level0_slowdown_writes_trigger: 20
2023/06/02-22:39:31.742015 16c41b000              Options.level0_stop_writes_trigger: 36
2023/06/02-22:39:31.742015 16c41b000                   Options.target_file_size_base: 67108864
2023/06/02-22:39:31.742016 16c41b000             Options.target_file_size_multiplier: 1
2023/06/02-22:39:31.742016 16c41b000                Options.max_bytes_for_level_base: 268435456
2023/06/02-22:39:31.742017 16c41b000 Options.level_compaction_dynamic_level_bytes: 0
2023/06/02-22:39:31.742017 16c41b000          Options.max_bytes_for_level_multiplier: 10.000000
2023/06/02-22:39:31.742018 16c41b000 Options.max_bytes_for_level_multiplier_addtl[0]: 1
2023/06/02-22:39:31.742018 16c41b000 Options.max_bytes_for_level_multiplier_addtl[1]: 1
2023/06/02-22:39:31.742019 16c41b000 Options.max_bytes_for_level_multiplier_addtl[2]: 1
2023/06/02-22:39:31.742019 16c41b000 Options.max_bytes_for_level_multiplier_addtl[3]: 1
2023/06/02-22:39:31.742020 16c41b000 Options.max_bytes_for_level_multiplier_addtl[4]: 1
2023/06/02-22:39:31.742020 16c41b000 Options.max_bytes_for_level_multiplier_addtl[5]: 1
2023/06/02-22:39:31.742021 16c41b000 Options.max_bytes_for_level_multiplier_addtl[6]: 1
2023/06/02-22:39:31.742021 16c41b000       Options.max_sequential_skip_in_iterations: 8
2023/06/02-22:39:31.742022 16c41b000                    Options.max_compaction_bytes: 1677721600
2023/06/02-22:39:31.742022 16c41b000                        Options.arena_block_size: 1048576
2023/06/02-22:39:31.742023 16c41b000   Options.soft_pending_compaction_bytes_limit: 68719476736
2023/06/02-22:39:31.742023 16c41b000   Options.hard_pending_compaction_bytes_limit: 274877906944
2023/06/02-22:39:31.742024 16c41b000       Options.rate_limit_delay_max_milliseconds: 100
2023/06/02-22:39:31.742024 16c41b000                Options.disable_auto_compactions: 0
2023/06/02-22:39:31.742025 16c41b000                        Options.compaction_style: kCompactionStyleLevel
2023/06/02-22:39:31.742031 16c41b000                          Options.compaction_pri: kMinOverlappingRatio
2023/06/02-22:39:31.742031 16c41b000 Options.compaction_options_universal.size_ratio: 1
2023/06/02-22:39:31.742032 16c41b000 Options.compaction_options_universal.min_merge_width: 2
2023/06/02-22:39:31.742032 16c41b000 Options.compaction_options_universal.max_merge_width: 4294967295
2023/06/02-22:39:31.742033 16c41b000 Options.compaction_options_universal.max_size_amplification_percent: 200
2023/06/02-22:39:31.742033 16c41b000 Options.compaction_options_universal.compression_size_percent: -1
2023/06/02-22:39:31.742034 16c41b000 Options.compaction_options_universal.stop_style: kCompactionStopStyleTotalSize
2023/06/02-22:39:31.742034 16c41b000 Options.compaction_options_fifo.max_table_files_size: 1073741824
2023/06/02-22:39:31.742035 16c41b000 Options.compaction_options_fifo.allow_compaction: 0
2023/06/02-22:39:31.742035 16c41b000                   Options.table_properties_collectors: 
2023/06/02-22:39:31.742036 16c41b000                   Options.inplace_update_support: 0
2023/06/02-22:39:31.742036 16c41b000                 Options.inplace_update_num_locks: 10000
2023/06/02-22:39:31.742037 16c41b000               Options.memtable_prefix_bloom_size_ratio: 0.000000
2023/06/02-22:39:31.742037 16c41b000               Options.memtable_whole_key_filtering: 0
2023/06/02-22:39:31.742038 16c41b000   Options.memtable_huge_page_size: 0
2023/06/02-22:39:31.742038 16c41b000                           Options.bloom_locality: 0
2023/06/02-22:39:31.742039 16c41b000                    Options.max_successive_merges: 0
2023/06/02-22:39:31.742039 16c41b000                Options.optimize_filters_for_hits: 0
2023/06/02-22:39:31.742040 16c41b000                Options.paranoid_file_checks: 0
2023/06/02-22:39:31.742040 16c41b000                Options.force_consistency_checks: 1
2023/06/02-22:39:31.742041 16c41b000                Options.report_bg_io_stats: 0
2023/06/02-22:39:31.742041 16c41b000                               Options.ttl: 2592000
2023/06/02-22:39:31.742042 16c41b000          Options.periodic_compaction_seconds: 0
2023/06/02-22:39:31.742042 16c41b000                    Options.enable_blob_files: false
2023/06/02-22:39:31.742042 16c41b000                        Options.min_blob_size: 0
2023/06/02-22:39:31.742043 16c41b000                       Options.blob_file_size: 268435456
2023/06/02-22:39:31.742043 16c41b000                Options.blob_compression_type: NoCompression
2023/06/02-22:39:31.742044 16c41b000       Options.enable_blob_garbage_collection: false
2023/06/02-22:39:31.742044 16c41b000   Options.blob_garbage_collection_age_cutoff: 0.250000
2023/06/02-22:39:31.742055 16c41b000 [db/column_family.cc:604] --------------- Options for column family [{d,'Person'}]:
2023/06/02-22:39:31.742056 16c41b000               Options.comparator: leveldb.BytewiseComparator
2023/06/02-22:39:31.742057 16c41b000           Options.merge_operator: None
2023/06/02-22:39:31.742057 16c41b000        Options.compaction_filter: None
2023/06/02-22:39:31.742057 16c41b000        Options.compaction_filter_factory: None
2023/06/02-22:39:31.742058 16c41b000  Options.sst_partitioner_factory: None
2023/06/02-22:39:31.742058 16c41b000         Options.memtable_factory: SkipListFactory
2023/06/02-22:39:31.742059 16c41b000            Options.table_factory: BlockBasedTable
2023/06/02-22:39:31.742064 16c41b000            table_factory options:   flush_block_policy_factory: FlushBlockBySizePolicyFactory (0x13b7233d0)
  cache_index_and_filter_blocks: 0
  cache_index_and_filter_blocks_with_high_priority: 1
  pin_l0_filter_and_index_blocks_in_cache: 0
  pin_top_level_index_and_filter: 1
  index_type: 0
  data_block_index_type: 0
  index_shortening: 1
  data_block_hash_table_util_ratio: 0.750000
  hash_index_allow_collision: 1
  checksum: 1
  no_block_cache: 0
  block_cache: 0x13b723fd8
  block_cache_name: LRUCache
  block_cache_options:
    capacity : 8388608
    num_shard_bits : 4
    strict_capacity_limit : 0
    memory_allocator : None
    high_pri_pool_ratio: 0.000
  block_cache_compressed: 0x0
  persistent_cache: 0x0
  block_size: 4096
  block_size_deviation: 10
  block_restart_interval: 16
  index_block_restart_interval: 1
  metadata_block_size: 4096
  partition_filters: 0
  use_delta_encoding: 1
  filter_policy: nullptr
  whole_key_filtering: 1
  verify_compression: 0
  read_amp_bytes_per_bit: 0
  format_version: 5
  enable_index_compression: 1
  block_align: 0
  max_auto_readahead_size: 262144
  prepopulate_block_cache: 0
2023/06/02-22:39:31.742071 16c41b000        Options.write_buffer_size: 67108864
2023/06/02-22:39:31.742071 16c41b000  Options.max_write_buffer_number: 2
2023/06/02-22:39:31.742072 16c41b000          Options.compression: NoCompression
2023/06/02-22:39:31.742072 16c41b000                  Options.bottommost_compression: Disabled
2023/06/02-22:39:31.742073 16c41b000       Options.prefix_extractor: nullptr
2023/06/02-22:39:31.742073 16c41b000   Options.memtable_insert_with_hint_prefix_extractor: nullptr
2023/06/02-22:39:31.742074 16c41b000             Options.num_levels: 7
2023/06/02-22:39:31.742074 16c41b000        Options.min_write_buffer_number_to_merge: 1
2023/06/02-22:39:31.742075 16c41b000     Options.max_write_buffer_number_to_maintain: 0
2023/06/02-22:39:31.742075 16c41b000     Options.max_write_buffer_size_to_maintain: 134217728
2023/06/02-22:39:31.742076 16c41b000            Options.bottommost_compression_opts.window_bits: -14
2023/06/02-22:39:31.742076 16c41b000                  Options.bottommost_compression_opts.level: 32767
2023/06/02-22:39:31.742077 16c41b000               Options.bottommost_compression_opts.strategy: 0
2023/06/02-22:39:31.742077 16c41b000         Options.bottommost_compression_opts.max_dict_bytes: 0
2023/06/02-22:39:31.742078 16c41b000         Options.bottommost_compression_opts.zstd_max_train_bytes: 0
2023/06/02-22:39:31.742078 16c41b000         Options.bottommost_compression_opts.parallel_threads: 1
2023/06/02-22:39:31.742079 16c41b000                  Options.bottommost_compression_opts.enabled: false
2023/06/02-22:39:31.742079 16c41b000         Options.bottommost_compression_opts.max_dict_buffer_bytes: 0
2023/06/02-22:39:31.742080 16c41b000            Options.compression_opts.window_bits: -14
2023/06/02-22:39:31.742080 16c41b000                  Options.compression_opts.level: 32767
2023/06/02-22:39:31.742081 16c41b000               Options.compression_opts.strategy: 0
2023/06/02-22:39:31.742081 16c41b000         Options.compression_opts.max_dict_bytes: 0
2023/06/02-22:39:31.742082 16c41b000         Options.compression_opts.zstd_max_train_bytes: 0
2023/06/02-22:39:31.742082 16c41b000         Options.compression_opts.parallel_threads: 1
2023/06/02-22:39:31.742082 16c41b000                  Options.compression_opts.enabled: false
2023/06/02-22:39:31.742083 16c41b000         Options.compression_opts.max_dict_buffer_bytes: 0
2023/06/02-22:39:31.742083 16c41b000      Options.level0_file_num_compaction_trigger: 4
2023/06/02-22:39:31.742084 16c41b000          Options.level0_slowdown_writes_trigger: 20
2023/06/02-22:39:31.742084 16c41b000              Options.level0_stop_writes_trigger: 36
2023/06/02-22:39:31.742085 16c41b000                   Options.target_file_size_base: 67108864
2023/06/02-22:39:31.742085 16c41b000             Options.target_file_size_multiplier: 1
2023/06/02-22:39:31.742086 16c41b000                Options.max_bytes_for_level_base: 268435456
2023/06/02-22:39:31.742086 16c41b000 Options.level_compaction_dynamic_level_bytes: 0
2023/06/02-22:39:31.742087 16c41b000          Options.max_bytes_for_level_multiplier: 10.000000
2023/06/02-22:39:31.742087 16c41b000 Options.max_bytes_for_level_multiplier_addtl[0]: 1
2023/06/02-22:39:31.742088 16c41b000 Options.max_bytes_for_level_multiplier_addtl[1]: 1
2023/06/02-22:39:31.742088 16c41b000 Options.max_bytes_for_level_multiplier_addtl[2]: 1
2023/06/02-22:39:31.742089 16c41b000 Options.max_bytes_for_level_multiplier_addtl[3]: 1
2023/06/02-22:39:31.742089 16c41b000 Options.max_bytes_for_level_multiplier_addtl[4]: 1
2023/06/02-22:39:31.742096 16c41b000 Options.max_bytes_for_level_multiplier_addtl[5]: 1
2023/06/02-22:39:31.742097 16c41b000 Options.max_bytes_for_level_multiplier_addtl[6]: 1
2023/06/02-22:39:31.742097 16c41b000       Options.max_sequential_skip_in_iterations: 8
2023/06/02-22:39:31.742098 16c41b000                    Options.max_compaction_bytes: 1677721600
2023/06/02-22:39:31.742098 16c41b000                        Options.arena_block_size: 1048576
2023/06/02-22:39:31.742099 16c41b000   Options.soft_pending_compaction_bytes_limit: 68719476736
2023/06/02-22:39:31.742099 16c41b000   Options.hard_pending_compaction_bytes_limit: 274877906944
2023/06/02-22:39:31.742100 16c41b000       Options.rate_limit_delay_max_milliseconds: 100
2023/06/02-22:39:31.742100 16c41b000                Options.disable_auto_compactions: 0
2023/06/02-22:39:31.742101 16c41b000                        Options.compaction_style: kCompactionStyleLevel
2023/06/02-22:39:31.742101 16c41b000                          Options.compaction_pri: kMinOverlappingRatio
2023/06/02-22:39:31.742102 16c41b000 Options.compaction_options_universal.size_ratio: 1
2023/06/02-22:39:31.742102 16c41b000 Options.compaction_options_universal.min_merge_width: 2
2023/06/02-22:39:31.742103 16c41b000 Options.compaction_options_universal.max_merge_width: 4294967295
2023/06/02-22:39:31.742103 16c41b000 Options.compaction_options_universal.max_size_amplification_percent: 200
2023/06/02-22:39:31.742104 16c41b000 Options.compaction_options_universal.compression_size_percent: -1
2023/06/02-22:39:31.742104 16c41b000 Options.compaction_options_universal.stop_style: kCompactionStopStyleTotalSize
2023/06/02-22:39:31.742105 16c41b000 Options.compaction_options_fifo.max_table_files_size: 1073741824
2023/06/02-22:39:31.742105 16c41b000 Options.compaction_options_fifo.allow_compaction: 0
2023/06/02-22:39:31.742106 16c41b000                   Options.table_properties_collectors: 
2023/06/02-22:39:31.742106 16c41b000                   Options.inplace_update_support: 0
2023/06/02-22:39:31.742107 16c41b000                 Options.inplace_update_num_locks: 10000
2023/06/02-22:39:31.742107 16c41b000               Options.memtable_prefix_bloom_size_ratio: 0.000000
2023/06/02-22:39:31.742108 16c41b000               Options.memtable_whole_key_filtering: 0
2023/06/02-22:39:31.742108 16c41b000   Options.memtable_huge_page_size: 0
2023/06/02-22:39:31.742109 16c41b000                           Options.bloom_locality: 0
2023/06/02-22:39:31.742109 16c41b000                    Options.max_successive_merges: 0
2023/06/02-22:39:31.742110 16c41b000                Options.optimize_filters_for_hits: 0
2023/06/02-22:39:31.742110 16c41b000                Options.paranoid_file_checks: 0
2023/06/02-22:39:31.742110 16c41b000                Options.force_consistency_checks: 1
2023/06/02-22:39:31.742111 16c41b000                Options.report_bg_io_stats: 0
2023/06/02-22:39:31.742111 16c41b000                               Options.ttl: 2592000
2023/06/02-22:39:31.742112 16c41b000          Options.periodic_compaction_seconds: 0
2023/06/02-22:39:31.742112 16c41b000                    Options.enable_blob_files: false
2023/06/02-22:39:31.742113 16c41b000                        Options.min_blob_size: 0
2023/06/02-22:39:31.742113 16c41b000                       Options.blob_file_size: 268435456
2023/06/02-22:39:31.742114 16c41b000                Options.blob_compression_type: NoCompression
2023/06/02-22:39:31.742114 16c41b000       Options.enable_blob_garbage_collection: false
2023/06/02-22:39:31.742115 16c41b000   Options.blob_garbage_collection_age_cutoff: 0.250000
2023/06/02-22:39:31.743072 16c41b000 [db/version_set.cc:4785] Recovered from manifest file:/Users/panasun/Projects/panasun/elixir-playground/todolist/Mnesia.nonode@nohost/mnesia_rocksdb-rocksdb_copies-_db.extrdb/MANIFEST-000050 succeeded,manifest_file_number is 50, next_file_number is 56, last_sequence is 9, log_number is 43,prev_log_number is 0,max_column_family is 2,min_log_number_to_keep is 0
2023/06/02-22:39:31.743074 16c41b000 [db/version_set.cc:4794] Column family [default] (ID 0), log number is 43
2023/06/02-22:39:31.743088 16c41b000 [db/version_set.cc:4794] Column family [{a,rocksdb_copies}] (ID 1), log number is 43
2023/06/02-22:39:31.743089 16c41b000 [db/version_set.cc:4794] Column family [{d,'Person'}] (ID 2), log number is 43
2023/06/02-22:39:31.743353 16c41b000 [db/version_set.cc:4275] Creating manifest 57
2023/06/02-22:39:31.743706 16c41b000 EVENT_LOG_v1 {"time_micros": 1685720371743702, "job": 1, "event": "recovery_started", "wal_files": [51]}
2023/06/02-22:39:31.743707 16c41b000 [db/db_impl/db_impl_open.cc:870] Recovering log #51 mode 2
2023/06/02-22:39:31.743738 16c41b000 [db/version_set.cc:4275] Creating manifest 58
2023/06/02-22:39:31.744019 16c41b000 EVENT_LOG_v1 {"time_micros": 1685720371744018, "job": 1, "event": "recovery_finished"}
2023/06/02-22:39:31.744442 16c41b000 [file/delete_scheduler.cc:77] Deleted file /Users/panasun/Projects/panasun/elixir-playground/todolist/Mnesia.nonode@nohost/mnesia_rocksdb-rocksdb_copies-_db.extrdb/000051.log immediately, rate_bytes_per_sec 0, total_trash_size 0 max_trash_db_ratio 0.250000
2023/06/02-22:39:31.746031 16c41b000 [db/db_impl/db_impl_open.cc:1779] SstFileManager instance 0x13b724da0
2023/06/02-22:39:31.746268 16c41b000 DB pointer 0x13c022200
2023/06/02-22:39:31.746400 16c74f000 [db/db_impl/db_impl.cc:1002] ------- DUMPING STATS -------
2023/06/02-22:39:31.746403 16c74f000 [db/db_impl/db_impl.cc:1003] 
** DB Stats **
Uptime(secs): 0.0 total, 0.0 interval
Cumulative writes: 0 writes, 0 keys, 0 commit groups, 0.0 writes per commit group, ingest: 0.00 GB, 0.00 MB/s
Cumulative WAL: 0 writes, 0 syncs, 0.00 writes per sync, written: 0.00 GB, 0.00 MB/s
Cumulative stall: 00:00:0.000 H:M:S, 0.0 percent
Interval writes: 0 writes, 0 keys, 0 commit groups, 0.0 writes per commit group, ingest: 0.00 MB, 0.00 MB/s
Interval WAL: 0 writes, 0 syncs, 0.00 writes per sync, written: 0.00 GB, 0.00 MB/s
Interval stall: 00:00:0.000 H:M:S, 0.0 percent

** Compaction Stats [default] **
Level    Files   Size     Score Read(GB)  Rn(GB) Rnp1(GB) Write(GB) Wnew(GB) Moved(GB) W-Amp Rd(MB/s) Wr(MB/s) Comp(sec) CompMergeCPU(sec) Comp(cnt) Avg(sec) KeyIn KeyDrop Rblob(GB) Wblob(GB)
------------------------------------------------------------------------------------------------------------------------------------------------------------------------------------------------
 Sum      0/0    0.00 KB   0.0      0.0     0.0      0.0       0.0      0.0       0.0   0.0      0.0      0.0      0.00              0.00         0    0.000       0      0       0.0       0.0
 Int      0/0    0.00 KB   0.0      0.0     0.0      0.0       0.0      0.0       0.0   0.0      0.0      0.0      0.00              0.00         0    0.000       0      0       0.0       0.0

** Compaction Stats [default] **
Priority    Files   Size     Score Read(GB)  Rn(GB) Rnp1(GB) Write(GB) Wnew(GB) Moved(GB) W-Amp Rd(MB/s) Wr(MB/s) Comp(sec) CompMergeCPU(sec) Comp(cnt) Avg(sec) KeyIn KeyDrop Rblob(GB) Wblob(GB)
